  1 American River      
          92
 109 114   2.100E-01
 109 115   4.500E-01
 110 112   4.600E-01
 110 113   8.800E-01
 110 114   9.600E-01
 110 115   6.800E-01
 111 111   4.700E-01
 111 112   9.500E-01
 111 113   1.000E+00
 111 114   1.000E+00
 111 115   6.400E-01
 112 112   8.200E-01
 112 113   1.000E+00
 112 114   1.000E+00
 112 115   6.100E-01
 113 111   5.000E-02
 113 112   9.500E-01
 113 113   1.000E+00
 113 114   1.000E+00
 113 115   1.000E+00
 113 116   8.900E-01
 113 117   1.600E-01
 114 111   8.000E-02
 114 112   9.000E-01
 114 113   1.000E+00
 114 114   1.000E+00
 114 115   1.000E+00
 114 116   1.000E+00
 114 117   7.600E-01
 115 112   8.300E-01
 115 113   1.000E+00
 115 114   1.000E+00
 115 115   1.000E+00
 115 116   1.000E+00
 115 117   1.000E+00
 115 118   4.200E-01
 116 112   6.700E-01
 116 113   1.000E+00
 116 114   1.000E+00
 116 115   1.000E+00
 116 116   1.000E+00
 116 117   1.000E+00
 116 118   9.600E-01
 116 119   7.000E-02
 117 112   2.400E-01
 117 113   1.000E+00
 117 114   1.000E+00
 117 115   1.000E+00
 117 116   1.000E+00
 117 117   1.000E+00
 117 118   9.900E-01
 117 119   1.500E-01
 118 112   1.400E-01
 118 113   1.000E+00
 118 114   1.000E+00
 118 115   1.000E+00
 118 116   1.000E+00
 118 117   1.000E+00
 118 118   9.100E-01
 119 112   5.500E-01
 119 113   1.000E+00
 119 114   1.000E+00
 119 115   1.000E+00
 119 116   1.000E+00
 119 117   1.000E+00
 119 118   9.900E-01
 119 119   8.000E-02
 120 111   4.000E-02
 120 112   9.300E-01
 120 113   1.000E+00
 120 114   1.000E+00
 120 115   1.000E+00
 120 116   1.000E+00
 120 117   9.500E-01
 120 118   6.600E-01
 121 111   4.100E-01
 121 112   1.000E+00
 121 113   1.000E+00
 121 114   1.000E+00
 121 115   8.700E-01
 121 116   4.600E-01
 121 117   1.300E-01
 122 111   4.900E-01
 122 112   1.000E+00
 122 113   9.400E-01
 122 114   3.300E-01
 122 115   1.500E-01
 123 111   2.700E-01
 123 112   7.200E-01
 123 113   3.600E-01
 124 111   1.000E-02
 124 112   3.000E-02
  2 Carson River        
          27
 123 112   1.000E-02
 124 111   4.000E-01
 124 112   1.000E+00
 124 113   4.500E-01
 124 114   2.000E-02
 125 110   1.100E-01
 125 111   8.800E-01
 125 112   1.000E+00
 125 113   1.000E+00
 125 114   5.000E-01
 126 109   1.900E-01
 126 110   8.400E-01
 126 111   1.000E+00
 126 112   1.000E+00
 126 113   8.600E-01
 126 114   5.000E-02
 127 108   2.000E-01
 127 109   8.000E-01
 127 110   1.000E+00
 127 111   1.000E+00
 127 112   9.900E-01
 127 113   2.300E-01
 128 108   1.200E-01
 128 109   8.200E-01
 128 110   7.100E-01
 128 111   2.500E-01
 128 112   3.600E-01
  3 Feather River       
         158
 105 121   5.000E-02
 106 121   3.700E-01
 106 122   2.300E-01
 106 123   6.100E-01
 106 124   6.800E-01
 106 125   6.300E-01
 106 126   2.900E-01
 106 127   4.000E-02
 107 121   6.900E-01
 107 122   1.000E+00
 107 123   1.000E+00
 107 124   1.000E+00
 107 125   1.000E+00
 107 126   1.000E+00
 107 127   6.100E-01
 107 128   9.000E-02
 107 130   2.300E-01
 107 131   6.900E-01
 107 132   7.000E-02
 108 121   8.200E-01
 108 122   1.000E+00
 108 123   1.000E+00
 108 124   1.000E+00
 108 125   1.000E+00
 108 126   1.000E+00
 108 127   7.300E-01
 108 128   8.800E-01
 108 129   3.300E-01
 108 130   6.300E-01
 108 131   9.700E-01
 108 132   2.800E-01
 109 121   7.100E-01
 109 122   1.000E+00
 109 123   1.000E+00
 109 124   1.000E+00
 109 125   1.000E+00
 109 126   1.000E+00
 109 127   1.000E+00
 109 128   1.000E+00
 109 129   1.000E+00
 109 130   1.000E+00
 109 131   9.700E-01
 109 132   1.000E-02
 110 121   5.300E-01
 110 122   1.000E+00
 110 123   1.000E+00
 110 124   1.000E+00
 110 125   1.000E+00
 110 126   1.000E+00
 110 127   1.000E+00
 110 128   1.000E+00
 110 129   1.000E+00
 110 130   1.000E+00
 110 131   1.000E+00
 110 132   2.000E-01
 111 121   1.700E-01
 111 122   9.400E-01
 111 123   1.000E+00
 111 124   1.000E+00
 111 125   1.000E+00
 111 126   1.000E+00
 111 127   1.000E+00
 111 128   1.000E+00
 111 129   1.000E+00
 111 130   1.000E+00
 111 131   1.000E+00
 111 132   1.700E-01
 112 122   1.500E-01
 112 123   8.800E-01
 112 124   1.000E+00
 112 125   1.000E+00
 112 126   1.000E+00
 112 127   1.000E+00
 112 128   1.000E+00
 112 129   1.000E+00
 112 130   1.000E+00
 112 131   8.000E-01
 112 132   4.000E-02
 113 123   2.700E-01
 113 124   9.800E-01
 113 125   1.000E+00
 113 126   1.000E+00
 113 127   1.000E+00
 113 128   1.000E+00
 113 129   1.000E+00
 113 130   1.000E+00
 113 131   2.700E-01
 114 123   1.000E-01
 114 124   9.200E-01
 114 125   1.000E+00
 114 126   1.000E+00
 114 127   1.000E+00
 114 128   1.000E+00
 114 129   9.700E-01
 114 130   3.900E-01
 114 131   1.000E-02
 115 123   4.600E-01
 115 124   1.000E+00
 115 125   1.000E+00
 115 126   1.000E+00
 115 127   1.000E+00
 115 128   1.000E+00
 115 129   9.900E-01
 115 130   2.400E-01
 116 122   1.000E-02
 116 123   9.200E-01
 116 124   1.000E+00
 116 125   1.000E+00
 116 126   1.000E+00
 116 127   1.000E+00
 116 128   1.000E+00
 116 129   9.900E-01
 116 130   1.900E-01
 117 123   8.700E-01
 117 124   1.000E+00
 117 125   1.000E+00
 117 126   1.000E+00
 117 127   1.000E+00
 117 128   1.000E+00
 117 129   8.500E-01
 118 121   9.000E-02
 118 122   6.200E-01
 118 123   1.000E+00
 118 124   1.000E+00
 118 125   1.000E+00
 118 126   1.000E+00
 118 127   1.000E+00
 118 128   1.000E+00
 118 129   2.600E-01
 119 121   7.300E-01
 119 122   1.000E+00
 119 123   1.000E+00
 119 124   1.000E+00
 119 125   1.000E+00
 119 126   1.000E+00
 119 127   1.000E+00
 119 128   4.200E-01
 120 121   7.800E-01
 120 122   1.000E+00
 120 123   1.000E+00
 120 124   1.000E+00
 120 125   1.000E+00
 120 126   1.000E+00
 120 127   1.000E+00
 120 128   7.000E-02
 121 121   4.000E-01
 121 122   1.000E+00
 121 123   1.000E+00
 121 124   1.000E+00
 121 125   1.000E+00
 121 126   9.600E-01
 121 127   4.500E-01
 122 121   1.300E-01
 122 122   6.200E-01
 122 123   3.900E-01
 122 124   7.300E-01
 122 125   7.300E-01
 122 126   2.300E-01
  4 Kaweah River        
          51
 131  88   2.000E-02
 131  89   1.500E-01
 131  90   2.300E-01
 132  87   7.000E-02
 132  88   5.900E-01
 132  89   9.400E-01
 132  90   3.000E-01
 133  85   9.000E-02
 133  87   3.400E-01
 133  88   1.000E+00
 133  89   9.600E-01
 133  90   9.000E-02
 134  84   3.200E-01
 134  85   8.800E-01
 134  86   3.900E-01
 134  87   9.400E-01
 134  88   1.000E+00
 134  89   9.100E-01
 134  90   1.000E-02
 135  84   7.500E-01
 135  85   1.000E+00
 135  86   1.000E+00
 135  87   1.000E+00
 135  88   1.000E+00
 135  89   1.000E+00
 135  90   3.400E-01
 136  84   3.700E-01
 136  85   8.400E-01
 136  86   1.000E+00
 136  87   1.000E+00
 136  88   1.000E+00
 136  89   1.000E+00
 136  90   2.800E-01
 137  85   2.100E-01
 137  86   1.000E+00
 137  87   1.000E+00
 137  88   1.000E+00
 137  89   9.500E-01
 137  90   4.000E-02
 138  85   8.000E-02
 138  86   1.000E+00
 138  87   1.000E+00
 138  88   1.000E+00
 138  89   5.700E-01
 139  85   9.000E-02
 139  86   6.800E-01
 139  87   9.800E-01
 139  88   9.600E-01
 139  89   2.000E-01
 140  86   1.000E-02
 140  88   5.000E-02
  5 Kern River          
         105
 135  76   1.000E-01
 136  76   6.100E-01
 137  75   4.600E-01
 137  76   6.800E-01
 138  75   5.600E-01
 138  76   9.900E-01
 138  77   4.100E-01
 138  81   1.000E-02
 138  82   1.000E-02
 139  75   2.000E-01
 139  76   8.800E-01
 139  77   1.000E+00
 139  78   5.400E-01
 139  79   1.900E-01
 139  80   3.400E-01
 139  81   5.900E-01
 139  82   7.000E-01
 139  83   1.600E-01
 139  84   4.300E-01
 139  85   8.300E-01
 139  86   4.200E-01
 139  87   9.000E-02
 139  88   9.000E-02
 140  76   6.300E-01
 140  77   1.000E+00
 140  78   1.000E+00
 140  79   1.000E+00
 140  80   1.000E+00
 140  81   1.000E+00
 140  82   1.000E+00
 140  83   9.900E-01
 140  84   9.800E-01
 140  85   1.000E+00
 140  86   1.000E+00
 140  87   1.000E+00
 140  88   9.500E-01
 140  89   3.300E-01
 141  76   5.500E-01
 141  77   1.000E+00
 141  78   1.000E+00
 141  79   1.000E+00
 141  80   1.000E+00
 141  81   1.000E+00
 141  82   1.000E+00
 141  83   1.000E+00
 141  84   1.000E+00
 141  85   1.000E+00
 141  86   1.000E+00
 141  87   1.000E+00
 141  88   1.000E+00
 141  89   9.900E-01
 141  90   7.000E-02
 142  75   8.000E-02
 142  76   1.000E+00
 142  77   1.000E+00
 142  78   1.000E+00
 142  79   1.000E+00
 142  80   1.000E+00
 142  81   1.000E+00
 142  82   1.000E+00
 142  83   1.000E+00
 142  84   1.000E+00
 142  85   1.000E+00
 142  86   1.000E+00
 142  87   1.000E+00
 142  88   9.700E-01
 142  89   5.900E-01
 143  76   8.800E-01
 143  77   1.000E+00
 143  78   1.000E+00
 143  79   1.000E+00
 143  80   1.000E+00
 143  81   1.000E+00
 143  82   1.000E+00
 143  83   1.000E+00
 143  84   1.000E+00
 143  85   1.000E+00
 143  86   1.000E+00
 143  87   6.700E-01
 143  88   1.900E-01
 143  89   1.000E-02
 144  76   5.100E-01
 144  77   7.500E-01
 144  78   1.000E+00
 144  79   1.000E+00
 144  80   1.000E+00
 144  81   1.000E+00
 144  82   1.000E+00
 144  83   1.000E+00
 144  84   1.000E+00
 144  85   8.500E-01
 144  86   6.800E-01
 144  87   6.000E-02
 145  78   7.100E-01
 145  79   1.000E+00
 145  80   1.000E+00
 145  81   9.900E-01
 145  82   8.200E-01
 145  83   4.600E-01
 145  84   2.300E-01
 146  78   6.000E-02
 146  79   1.500E-01
 146  80   1.400E-01
 146  81   2.300E-01
 146  82   2.000E-02
  6 Kings River         
          85
 127  92   4.000E-01
 128  92   6.500E-01
 129  90   2.000E-02
 129  91   7.700E-01
 129  92   9.200E-01
 129  93   1.400E-01
 130  90   3.300E-01
 130  91   9.500E-01
 130  92   1.000E+00
 130  93   8.500E-01
 130  94   1.300E-01
 131  89   6.000E-02
 131  90   7.500E-01
 131  91   1.000E+00
 131  92   1.000E+00
 131  93   1.000E+00
 131  94   3.400E-01
 132  90   8.000E-01
 132  91   1.000E+00
 132  92   1.000E+00
 132  93   1.000E+00
 132  94   6.400E-01
 132  95   1.000E-02
 133  89   8.000E-02
 133  90   9.400E-01
 133  91   1.000E+00
 133  92   1.000E+00
 133  93   1.000E+00
 133  94   1.000E+00
 133  95   2.400E-01
 134  89   1.800E-01
 134  90   1.000E+00
 134  91   1.000E+00
 134  92   1.000E+00
 134  93   1.000E+00
 134  94   1.000E+00
 134  95   4.700E-01
 135  90   7.100E-01
 135  91   1.000E+00
 135  92   1.000E+00
 135  93   1.000E+00
 135  94   1.000E+00
 135  95   6.700E-01
 136  90   8.300E-01
 136  91   1.000E+00
 136  92   1.000E+00
 136  93   1.000E+00
 136  94   1.000E+00
 136  95   5.800E-01
 137  89   1.200E-01
 137  90   9.900E-01
 137  91   1.000E+00
 137  92   1.000E+00
 137  93   1.000E+00
 137  94   7.400E-01
 137  95   6.000E-02
 138  89   5.200E-01
 138  90   1.000E+00
 138  91   1.000E+00
 138  92   1.000E+00
 138  93   1.000E+00
 138  94   7.900E-01
 139  88   3.000E-02
 139  89   8.800E-01
 139  90   1.000E+00
 139  91   1.000E+00
 139  92   1.000E+00
 139  93   1.000E+00
 139  94   9.400E-01
 140  88   3.000E-02
 140  89   7.500E-01
 140  90   1.000E+00
 140  91   1.000E+00
 140  92   1.000E+00
 140  93   1.000E+00
 140  94   5.100E-01
 141  89   4.000E-02
 141  90   9.700E-01
 141  91   9.500E-01
 141  92   9.400E-01
 141  93   4.800E-01
 141  94   7.000E-02
 142  90   2.300E-01
 142  91   3.000E-02
 142  92   3.000E-02
  7 Lake Tahoe          
          22
 121 115   2.000E-01
 121 116   6.500E-01
 121 117   4.600E-01
 121 118   2.000E-02
 122 113   7.000E-02
 122 114   7.600E-01
 122 115   9.100E-01
 122 116   1.000E+00
 122 117   1.000E+00
 122 118   3.800E-01
 123 112   3.500E-01
 123 113   7.100E-01
 123 114   1.000E+00
 123 115   9.300E-01
 123 116   8.000E-01
 123 117   8.000E-01
 123 118   6.100E-01
 124 112   6.000E-02
 124 113   6.500E-01
 124 114   1.000E+00
 124 115   2.800E-01
 125 114   1.500E-01
  8 Merced River        
          58
 118 100   2.000E-02
 119  99   8.000E-02
 119 100   6.000E-01
 119 101   2.000E-02
 120  98   1.000E-01
 120  99   9.000E-01
 120 100   9.100E-01
 120 101   5.700E-01
 121  99   3.900E-01
 121 100   1.000E+00
 121 101   9.300E-01
 121 102   7.000E-02
 122  99   2.400E-01
 122 100   1.000E+00
 122 101   1.000E+00
 122 102   3.300E-01
 123  99   6.400E-01
 123 100   1.000E+00
 123 101   1.000E+00
 123 102   5.000E-01
 124  99   7.400E-01
 124 100   1.000E+00
 124 101   9.800E-01
 124 102   8.000E-02
 125  99   5.600E-01
 125 100   1.000E+00
 125 101   9.500E-01
 125 102   2.000E-02
 126  99   8.500E-01
 126 100   1.000E+00
 126 101   9.800E-01
 126 102   8.000E-02
 127  98   1.800E-01
 127  99   9.700E-01
 127 100   1.000E+00
 127 101   1.000E+00
 127 102   5.100E-01
 128  98   5.300E-01
 128  99   1.000E+00
 128 100   1.000E+00
 128 101   1.000E+00
 128 102   9.900E-01
 128 103   2.800E-01
 129  98   2.700E-01
 129  99   1.000E+00
 129 100   1.000E+00
 129 101   1.000E+00
 129 102   1.000E+00
 129 103   1.900E-01
 130  99   3.900E-01
 130 100   9.300E-01
 130 101   1.000E+00
 130 102   8.900E-01
 130 103   3.000E-02
 131 100   3.300E-01
 131 101   9.200E-01
 131 102   2.400E-01
 132 101   5.000E-02
  9 Owens River         
         145
 133 101   5.000E-02
 134  99   5.000E-02
 134 100   5.500E-01
 134 101   8.600E-01
 134 102   1.000E-01
 135  99   3.800E-01
 135 100   1.000E+00
 135 101   1.000E+00
 135 102   4.500E-01
 136  98   1.200E-01
 136  99   9.100E-01
 136 100   1.000E+00
 136 101   1.000E+00
 136 102   4.500E-01
 137  96   2.000E-02
 137  97   5.500E-01
 137  98   6.200E-01
 137  99   1.000E+00
 137 100   1.000E+00
 137 101   1.000E+00
 137 102   1.400E-01
 138  94   1.000E-02
 138  95   3.600E-01
 138  96   5.200E-01
 138  97   1.000E+00
 138  98   1.000E+00
 138  99   1.000E+00
 138 100   1.000E+00
 138 101   8.500E-01
 138 102   4.000E-02
 139  94   1.600E-01
 139  95   1.000E+00
 139  96   1.000E+00
 139  97   1.000E+00
 139  98   1.000E+00
 139  99   1.000E+00
 139 100   1.000E+00
 139 101   5.700E-01
 139 102   1.900E-01
 139 103   6.000E-02
 140  94   5.700E-01
 140  95   1.000E+00
 140  96   1.000E+00
 140  97   1.000E+00
 140  98   1.000E+00
 140  99   1.000E+00
 140 100   1.000E+00
 140 101   1.000E+00
 140 102   1.000E+00
 140 103   9.100E-01
 140 104   3.000E-02
 141  90   3.000E-02
 141  91   1.200E-01
 141  92   1.300E-01
 141  93   6.000E-01
 141  94   9.600E-01
 141  95   1.000E+00
 141  96   1.000E+00
 141  97   1.000E+00
 141  98   1.000E+00
 141  99   1.000E+00
 141 100   1.000E+00
 141 101   1.000E+00
 141 102   1.000E+00
 141 103   3.400E-01
 142  88   7.000E-02
 142  89   5.500E-01
 142  90   8.600E-01
 142  91   1.000E+00
 142  92   1.000E+00
 142  93   1.000E+00
 142  94   1.000E+00
 142  95   1.000E+00
 142  96   1.000E+00
 142  97   1.000E+00
 142  98   1.000E+00
 142  99   1.000E+00
 142 100   1.000E+00
 142 101   9.100E-01
 142 102   2.600E-01
 143  87   4.400E-01
 143  88   8.800E-01
 143  89   1.000E+00
 143  90   1.000E+00
 143  91   1.000E+00
 143  92   1.000E+00
 143  93   1.000E+00
 143  94   1.000E+00
 143  95   1.000E+00
 143  96   1.000E+00
 143  97   1.000E+00
 143  98   9.600E-01
 143  99   6.100E-01
 143 100   3.700E-01
 143 101   4.000E-02
 144  84   3.000E-02
 144  85   2.300E-01
 144  86   4.400E-01
 144  87   9.600E-01
 144  88   1.000E+00
 144  89   1.000E+00
 144  90   1.000E+00
 144  91   1.000E+00
 144  92   1.000E+00
 144  93   9.100E-01
 144  94   9.600E-01
 144  95   9.300E-01
 144  96   4.600E-01
 144  97   1.300E-01
 144  98   4.000E-02
 145  84   2.600E-01
 145  85   1.000E+00
 145  86   1.000E+00
 145  87   1.000E+00
 145  88   1.000E+00
 145  89   1.000E+00
 145  90   1.000E+00
 145  91   9.100E-01
 145  92   6.900E-01
 145  93   1.800E-01
 145  94   4.600E-01
 145  95   5.400E-01
 146  84   2.200E-01
 146  85   1.000E+00
 146  86   1.000E+00
 146  87   1.000E+00
 146  88   1.000E+00
 146  89   8.700E-01
 146  90   3.000E-01
 146  91   3.000E-02
 147  84   1.400E-01
 147  85   1.000E+00
 147  86   1.000E+00
 147  87   1.000E+00
 147  88   1.000E+00
 147  89   2.000E-01
 148  84   4.300E-01
 148  85   1.000E+00
 148  86   1.000E+00
 148  87   9.600E-01
 148  88   3.500E-01
 149  84   2.600E-01
 149  85   9.000E-01
 149  86   7.300E-01
 149  87   1.000E-02
 10 San Joaquin River   
          78
 126  94   6.000E-02
 127  92   2.900E-01
 127  93   8.300E-01
 127  94   7.700E-01
 127  95   5.700E-01
 127  96   2.100E-01
 128  92   2.400E-01
 128  93   1.000E+00
 128  94   1.000E+00
 128  95   1.000E+00
 128  96   7.900E-01
 128  97   5.000E-01
 128  98   1.600E-01
 129  92   4.000E-02
 129  93   9.000E-01
 129  94   1.000E+00
 129  95   1.000E+00
 129  96   1.000E+00
 129  97   1.000E+00
 129  98   8.000E-01
 129  99   2.000E-02
 130  93   2.400E-01
 130  94   9.300E-01
 130  95   1.000E+00
 130  96   1.000E+00
 130  97   1.000E+00
 130  98   1.000E+00
 130  99   7.100E-01
 130 100   1.000E-01
 131  94   7.700E-01
 131  95   1.000E+00
 131  96   1.000E+00
 131  97   1.000E+00
 131  98   1.000E+00
 131  99   1.000E+00
 131 100   7.800E-01
 131 101   5.000E-02
 132  94   4.700E-01
 132  95   1.000E+00
 132  96   1.000E+00
 132  97   1.000E+00
 132  98   1.000E+00
 132  99   1.000E+00
 132 100   1.000E+00
 132 101   5.600E-01
 133  95   8.100E-01
 133  96   1.000E+00
 133  97   1.000E+00
 133  98   1.000E+00
 133  99   1.000E+00
 133 100   1.000E+00
 133 101   5.900E-01
 134  95   6.300E-01
 134  96   1.000E+00
 134  97   1.000E+00
 134  98   1.000E+00
 134  99   9.800E-01
 134 100   5.600E-01
 134 101   6.000E-02
 135  95   4.300E-01
 135  96   1.000E+00
 135  97   1.000E+00
 135  98   1.000E+00
 135  99   7.000E-01
 136  95   5.000E-01
 136  96   1.000E+00
 136  97   1.000E+00
 136  98   9.300E-01
 136  99   1.300E-01
 137  94   3.500E-01
 137  95   9.700E-01
 137  96   1.000E+00
 137  97   5.600E-01
 137  98   5.000E-01
 138  94   3.300E-01
 138  95   7.100E-01
 138  96   5.800E-01
 138  97   2.000E-02
 11 Stanislaus River    
          55
 116 102   2.200E-01
 116 103   1.300E-01
 116 104   4.300E-01
 116 105   2.000E-02
 117 102   3.800E-01
 117 103   9.800E-01
 117 104   9.600E-01
 117 105   3.600E-01
 118 102   2.100E-01
 118 103   7.600E-01
 118 104   1.000E+00
 118 105   9.600E-01
 118 106   1.400E-01
 119 104   3.000E-01
 119 105   9.600E-01
 119 106   6.500E-01
 119 107   8.000E-02
 120 105   9.100E-01
 120 106   1.000E+00
 120 107   6.900E-01
 121 105   7.900E-01
 121 106   1.000E+00
 121 107   1.000E+00
 121 108   6.200E-01
 121 109   1.000E-02
 122 105   2.800E-01
 122 106   9.900E-01
 122 107   1.000E+00
 122 108   1.000E+00
 122 109   4.900E-01
 123 106   5.700E-01
 123 107   1.000E+00
 123 108   1.000E+00
 123 109   9.600E-01
 123 110   7.000E-02
 124 106   3.100E-01
 124 107   1.000E+00
 124 108   1.000E+00
 124 109   1.000E+00
 124 110   2.800E-01
 125 106   2.500E-01
 125 107   1.000E+00
 125 108   1.000E+00
 125 109   9.800E-01
 125 110   1.200E-01
 126 106   1.300E-01
 126 107   1.000E+00
 126 108   1.000E+00
 126 109   8.600E-01
 127 106   1.400E-01
 127 107   9.500E-01
 127 108   8.300E-01
 127 109   2.900E-01
 128 107   1.100E-01
 128 108   1.000E-02
 12 Truckee River       
          25
 118 120   1.700E-01
 118 121   3.000E-02
 119 119   4.000E-02
 119 120   6.900E-01
 119 121   3.100E-01
 120 117   8.000E-02
 120 118   4.000E-01
 120 119   8.900E-01
 120 120   1.000E+00
 120 121   3.100E-01
 121 117   5.600E-01
 121 118   1.000E+00
 121 119   1.000E+00
 121 120   1.000E+00
 121 121   6.800E-01
 122 118   6.900E-01
 122 119   1.000E+00
 122 120   1.000E+00
 122 121   9.200E-01
 122 122   1.000E-01
 123 118   2.500E-01
 123 119   8.000E-01
 123 120   9.000E-01
 123 121   9.000E-01
 123 122   2.500E-01
 13 Tuolumne River      
          83
 116 102   4.000E-02
 117 101   2.300E-01
 117 102   7.200E-01
 117 103   2.000E-02
 118 100   1.700E-01
 118 101   7.800E-01
 118 102   8.600E-01
 118 103   3.300E-01
 118 104   3.000E-02
 119 100   4.000E-01
 119 101   1.000E+00
 119 102   1.000E+00
 119 103   1.000E+00
 119 104   8.000E-01
 119 105   8.000E-02
 120 100   1.600E-01
 120 101   5.500E-01
 120 102   1.000E+00
 120 103   1.000E+00
 120 104   1.000E+00
 120 105   1.500E-01
 121 101   1.300E-01
 121 102   9.700E-01
 121 103   1.000E+00
 121 104   1.000E+00
 121 105   3.000E-01
 122 102   7.400E-01
 122 103   1.000E+00
 122 104   1.000E+00
 122 105   8.000E-01
 122 106   4.000E-02
 123 102   5.900E-01
 123 103   1.000E+00
 123 104   1.000E+00
 123 105   1.000E+00
 123 106   5.000E-01
 124 101   6.000E-02
 124 102   9.500E-01
 124 103   1.000E+00
 124 104   1.000E+00
 124 105   1.000E+00
 124 106   7.500E-01
 125 101   1.200E-01
 125 102   1.000E+00
 125 103   1.000E+00
 125 104   1.000E+00
 125 105   1.000E+00
 125 106   8.000E-01
 126 101   5.000E-02
 126 102   9.500E-01
 126 103   1.000E+00
 126 104   1.000E+00
 126 105   1.000E+00
 126 106   9.600E-01
 127 102   6.100E-01
 127 103   1.000E+00
 127 104   1.000E+00
 127 105   1.000E+00
 127 106   9.300E-01
 127 107   3.000E-02
 128 102   3.000E-02
 128 103   8.000E-01
 128 104   1.000E+00
 128 105   1.000E+00
 128 106   5.400E-01
 128 107   1.000E-02
 129 102   1.000E-02
 129 103   8.900E-01
 129 104   1.000E+00
 129 105   9.500E-01
 129 106   1.400E-01
 130 102   2.000E-01
 130 103   1.000E+00
 130 104   1.000E+00
 130 105   7.300E-01
 131 101   8.000E-02
 131 102   8.200E-01
 131 103   9.500E-01
 131 104   5.600E-01
 131 105   1.900E-01
 132 101   8.000E-02
 132 102   6.700E-01
 132 103   4.200E-01
 14 Walker River        
          47
 127 107   8.000E-02
 127 108   5.000E-02
 128 106   5.600E-01
 128 107   9.600E-01
 128 108   9.500E-01
 128 109   2.700E-01
 128 110   3.700E-01
 128 111   8.600E-01
 128 112   2.100E-01
 129 105   9.000E-02
 129 106   9.600E-01
 129 107   1.000E+00
 129 108   1.000E+00
 129 109   1.000E+00
 129 110   1.000E+00
 129 111   7.800E-01
 129 112   1.000E-02
 130 105   3.700E-01
 130 106   1.000E+00
 130 107   1.000E+00
 130 108   1.000E+00
 130 109   1.000E+00
 130 110   9.600E-01
 130 111   1.300E-01
 131 104   5.000E-02
 131 105   8.600E-01
 131 106   1.000E+00
 131 107   1.000E+00
 131 108   1.000E+00
 131 109   1.000E+00
 131 110   4.300E-01
 132 104   2.000E-02
 132 105   8.400E-01
 132 106   1.000E+00
 132 107   1.000E+00
 132 108   1.000E+00
 132 109   7.400E-01
 133 105   1.800E-01
 133 106   9.500E-01
 133 107   1.000E+00
 133 108   9.300E-01
 133 109   1.000E-01
 134 106   3.200E-01
 134 107   9.900E-01
 134 108   3.300E-01
 135 106   1.600E-01
 135 107   5.400E-01
 15 Yuba River          
          76
 106 119   3.000E-02
 106 120   1.000E-01
 106 121   2.000E-02
 107 118   3.400E-01
 107 119   8.600E-01
 107 120   1.000E+00
 107 121   3.900E-01
 108 117   2.400E-01
 108 118   1.000E+00
 108 119   1.000E+00
 108 120   1.000E+00
 108 121   2.400E-01
 109 117   2.400E-01
 109 118   1.000E+00
 109 119   1.000E+00
 109 120   1.000E+00
 109 121   3.800E-01
 110 117   3.400E-01
 110 118   1.000E+00
 110 119   1.000E+00
 110 120   1.000E+00
 110 121   5.200E-01
 111 117   3.400E-01
 111 118   9.900E-01
 111 119   1.000E+00
 111 120   1.000E+00
 111 121   8.800E-01
 111 122   1.000E-01
 112 118   7.100E-01
 112 119   1.000E+00
 112 120   1.000E+00
 112 121   1.000E+00
 112 122   9.100E-01
 112 123   1.800E-01
 113 118   5.200E-01
 113 119   1.000E+00
 113 120   1.000E+00
 113 121   1.000E+00
 113 122   1.000E+00
 113 123   8.200E-01
 113 124   4.000E-02
 114 118   1.700E-01
 114 119   1.000E+00
 114 120   1.000E+00
 114 121   1.000E+00
 114 122   1.000E+00
 114 123   9.700E-01
 114 124   1.300E-01
 115 118   5.000E-02
 115 119   8.900E-01
 115 120   1.000E+00
 115 121   1.000E+00
 115 122   1.000E+00
 115 123   6.300E-01
 116 119   8.500E-01
 116 120   1.000E+00
 116 121   1.000E+00
 116 122   1.000E+00
 116 123   1.600E-01
 117 118   3.000E-02
 117 119   9.100E-01
 117 120   1.000E+00
 117 121   1.000E+00
 117 122   1.000E+00
 117 123   2.100E-01
 118 118   1.600E-01
 118 119   1.000E+00
 118 120   9.200E-01
 118 121   9.400E-01
 118 122   4.700E-01
 119 118   5.000E-02
 119 119   9.600E-01
 119 120   4.000E-01
 119 121   4.000E-02
 120 118   5.000E-02
 120 119   1.600E-01
 16 Consumnes River     
          34
 111 110   5.400E-01
 111 111   4.600E-01
 111 112   2.000E-02
 112 109   2.600E-01
 112 110   9.800E-01
 112 111   1.000E+00
 112 112   2.600E-01
 113 109   7.600E-01
 113 110   1.000E+00
 113 111   1.000E+00
 113 112   1.000E-01
 114 109   2.900E-01
 114 110   1.000E+00
 114 111   9.800E-01
 114 112   1.700E-01
 115 110   8.000E-01
 115 111   1.000E+00
 115 112   2.500E-01
 116 110   8.800E-01
 116 111   1.000E+00
 116 112   4.300E-01
 117 110   9.300E-01
 117 111   1.000E+00
 117 112   8.300E-01
 118 110   7.700E-01
 118 111   1.000E+00
 118 112   9.400E-01
 119 110   5.100E-01
 119 111   1.000E+00
 119 112   5.400E-01
 120 110   3.500E-01
 120 111   9.800E-01
 120 112   1.200E-01
 121 111   2.700E-01
 17 Mokelumne River     
          46
 113 107   1.000E-02
 113 108   4.700E-01
 113 109   3.000E-01
 114 107   7.100E-01
 114 108   1.000E+00
 114 109   8.000E-01
 115 107   5.100E-01
 115 108   1.000E+00
 115 109   1.000E+00
 115 110   2.900E-01
 116 107   8.000E-02
 116 108   9.300E-01
 116 109   1.000E+00
 116 110   1.500E-01
 117 108   6.900E-01
 117 109   1.000E+00
 117 110   1.200E-01
 118 108   8.300E-01
 118 109   1.000E+00
 118 110   2.900E-01
 119 107   1.200E-01
 119 108   1.000E+00
 119 109   1.000E+00
 119 110   5.700E-01
 120 107   7.000E-02
 120 108   9.400E-01
 120 109   1.000E+00
 120 110   7.400E-01
 121 108   4.700E-01
 121 109   1.000E+00
 121 110   1.000E+00
 121 111   4.700E-01
 122 109   6.000E-01
 122 110   1.000E+00
 122 111   5.900E-01
 123 109   8.000E-02
 123 110   9.700E-01
 123 111   8.100E-01
 124 109   2.000E-02
 124 110   7.900E-01
 124 111   7.200E-01
 125 109   5.000E-02
 125 110   8.800E-01
 125 111   1.800E-01
 126 109   5.000E-02
 126 110   2.400E-01
 18 Tule River          
          25
 134  83   8.000E-02
 135  82   2.900E-01
 135  83   7.700E-01
 135  84   3.000E-01
 136  82   7.900E-01
 136  83   1.000E+00
 136  84   7.000E-01
 136  85   1.900E-01
 137  81   8.000E-02
 137  82   9.500E-01
 137  83   1.000E+00
 137  84   1.000E+00
 137  85   8.300E-01
 138  81   1.000E-02
 138  82   1.000E+00
 138  83   1.000E+00
 138  84   1.000E+00
 138  85   9.800E-01
 138  86   2.000E-02
 139  82   3.700E-01
 139  83   8.900E-01
 139  84   6.800E-01
 139  85   1.900E-01
 140  83   6.000E-02
 140  84   6.000E-02
