  95 134   1.100E-01
  95 135   2.800E-01
  95 136   3.200E-01
  95 137   3.500E-01
  95 138   2.600E-01
  95 140   1.100E-01
  95 141   1.000E-02
  96 134   2.700E-01
  96 135   1.000E+00
  96 136   1.000E+00
  96 137   1.000E+00
  96 138   9.700E-01
  96 139   5.200E-01
  96 140   1.000E+00
  96 141   5.700E-01
  97 134   2.200E-01
  97 135   1.000E+00
  97 136   1.000E+00
  97 137   1.000E+00
  97 138   1.000E+00
  97 139   1.000E+00
  97 140   1.000E+00
  97 141   1.000E+00
  97 142   1.100E-01
  98 134   6.000E-02
  98 135   9.900E-01
  98 136   1.000E+00
  98 137   1.000E+00
  98 138   1.000E+00
  98 139   1.000E+00
  98 140   1.000E+00
  98 141   1.000E+00
  98 142   2.700E-01
  99 134   2.500E-01
  99 135   1.000E+00
  99 136   1.000E+00
  99 137   1.000E+00
  99 138   1.000E+00
  99 139   1.000E+00
  99 140   1.000E+00
  99 141   1.000E+00
  99 142   5.500E-01
 100 134   1.100E-01
 100 135   9.500E-01
 100 136   1.000E+00
 100 137   1.000E+00
 100 138   1.000E+00
 100 139   1.000E+00
 100 140   1.000E+00
 100 141   1.000E+00
 100 142   8.300E-01
 101 135   4.800E-01
 101 136   1.000E+00
 101 137   1.000E+00
 101 138   1.000E+00
 101 139   1.000E+00
 101 140   1.000E+00
 101 141   1.000E+00
 101 142   9.900E-01
 101 143   1.000E-01
 102 135   3.800E-01
 102 136   1.000E+00
 102 137   1.000E+00
 102 138   1.000E+00
 102 139   1.000E+00
 102 140   1.000E+00
 102 141   1.000E+00
 102 142   1.000E+00
 102 143   3.000E-01
 103 135   5.600E-01
 103 136   1.000E+00
 103 137   1.000E+00
 103 138   1.000E+00
 103 139   1.000E+00
 103 140   1.000E+00
 103 141   1.000E+00
 103 142   1.000E+00
 103 143   8.300E-01
 104 134   3.300E-01
 104 135   1.000E+00
 104 136   1.000E+00
 104 137   1.000E+00
 104 138   1.000E+00
 104 139   1.000E+00
 104 140   1.000E+00
 104 141   1.000E+00
 104 142   1.000E+00
 104 143   1.000E+00
 104 144   1.800E-01
 105 133   1.900E-01
 105 134   8.800E-01
 105 135   1.000E+00
 105 136   1.000E+00
 105 137   1.000E+00
 105 138   1.000E+00
 105 139   1.000E+00
 105 140   1.000E+00
 105 141   1.000E+00
 105 142   1.000E+00
 105 143   1.000E+00
 105 144   5.000E-01
 106 132   1.400E-01
 106 133   9.700E-01
 106 134   1.000E+00
 106 135   1.000E+00
 106 136   1.000E+00
 106 137   1.000E+00
 106 138   1.000E+00
 106 139   1.000E+00
 106 140   1.000E+00
 106 141   1.000E+00
 106 142   1.000E+00
 106 143   1.000E+00
 106 144   7.500E-01
 107 132   9.400E-01
 107 133   1.000E+00
 107 134   1.000E+00
 107 135   1.000E+00
 107 136   1.000E+00
 107 137   1.000E+00
 107 138   1.000E+00
 107 139   1.000E+00
 107 140   1.000E+00
 107 141   1.000E+00
 107 142   1.000E+00
 107 143   1.000E+00
 107 144   4.300E-01
 108 131   5.000E-02
 108 132   8.400E-01
 108 133   1.000E+00
 108 134   1.000E+00
 108 135   1.000E+00
 108 136   1.000E+00
 108 137   1.000E+00
 108 138   1.000E+00
 108 139   1.000E+00
 108 140   1.000E+00
 108 141   1.000E+00
 108 142   1.000E+00
 108 143   1.000E+00
 108 144   6.000E-01
 109 131   1.200E-01
 109 132   1.000E+00
 109 133   1.000E+00
 109 134   1.000E+00
 109 135   1.000E+00
 109 136   1.000E+00
 109 137   1.000E+00
 109 138   1.000E+00
 109 139   1.000E+00
 109 140   1.000E+00
 109 141   1.000E+00
 109 142   1.000E+00
 109 143   1.000E+00
 109 144   6.300E-01
 110 131   2.000E-02
 110 132   2.200E-01
 110 133   1.000E+00
 110 134   1.000E+00
 110 135   1.000E+00
 110 136   1.000E+00
 110 137   1.000E+00
 110 138   1.000E+00
 110 139   1.000E+00
 110 140   1.000E+00
 110 141   1.000E+00
 110 142   1.000E+00
 110 143   8.500E-01
 110 144   1.000E-02
 111 133   6.600E-01
 111 134   6.700E-01
 111 135   1.000E+00
 111 136   1.000E+00
 111 137   1.000E+00
 111 138   1.000E+00
 111 139   1.000E+00
 111 140   1.000E+00
 111 141   1.000E+00
 111 142   1.000E+00
 111 143   7.000E-01
 112 133   7.000E-02
 112 134   3.000E-02
 112 135   1.000E+00
 112 136   1.000E+00
 112 137   1.000E+00
 112 138   1.000E+00
 112 139   1.000E+00
 112 140   1.000E+00
 112 141   1.000E+00
 112 142   1.000E+00
 112 143   9.500E-01
 112 144   3.100E-01
 113 135   7.600E-01
 113 136   1.000E+00
 113 137   1.000E+00
 113 138   1.000E+00
 113 139   1.000E+00
 113 140   1.000E+00
 113 141   1.000E+00
 113 142   1.000E+00
 113 143   9.800E-01
 113 144   5.400E-01
 114 135   1.000E-01
 114 136   6.600E-01
 114 137   9.600E-01
 114 138   1.000E+00
 114 139   1.000E+00
 114 140   1.000E+00
 114 141   1.000E+00
 114 142   1.000E+00
 114 143   9.900E-01
 114 144   4.800E-01
 114 145   1.200E-01
 115 137   6.300E-01
 115 138   1.000E+00
 115 139   1.000E+00
 115 140   1.000E+00
 115 141   1.000E+00
 115 142   1.000E+00
 115 143   1.000E+00
 115 144   1.000E+00
 115 145   8.600E-01
 115 146   6.000E-02
 116 137   5.700E-01
 116 138   1.000E+00
 116 139   1.000E+00
 116 140   1.000E+00
 116 141   1.000E+00
 116 142   1.000E+00
 116 143   1.000E+00
 116 144   1.000E+00
 116 145   1.000E+00
 116 146   4.300E-01
 117 137   1.100E-01
 117 138   6.100E-01
 117 139   1.000E+00
 117 140   1.000E+00
 117 141   1.000E+00
 117 142   1.000E+00
 117 143   1.000E+00
 117 144   1.000E+00
 117 145   9.900E-01
 117 146   7.600E-01
 117 147   3.000E-02
 118 138   1.700E-01
 118 139   1.000E+00
 118 140   1.000E+00
 118 141   1.000E+00
 118 142   1.000E+00
 118 143   1.000E+00
 118 144   1.000E+00
 118 145   7.900E-01
 119 138   7.400E-01
 119 139   1.000E+00
 119 140   1.000E+00
 119 141   1.000E+00
 119 142   1.000E+00
 119 143   1.000E+00
 119 144   1.000E+00
 119 145   6.900E-01
 120 138   7.500E-01
 120 139   1.000E+00
 120 140   1.000E+00
 120 141   1.000E+00
 120 142   1.000E+00
 120 143   9.000E-01
 120 144   9.100E-01
 120 145   4.100E-01
 121 138   5.900E-01
 121 139   1.000E+00
 121 140   9.700E-01
 121 141   6.600E-01
 121 142   4.100E-01
 121 143   7.000E-02
 122 139   2.000E-01
 122 140   2.300E-01
  2 I_COW014.txt        
          23
  99 132   7.000E-02
  99 133   8.400E-01
  99 134   7.400E-01
 100 132   3.800E-01
 100 133   1.000E+00
 100 134   9.700E-01
 100 135   1.300E-01
 101 132   3.500E-01
 101 133   1.000E+00
 101 134   1.000E+00
 101 135   6.500E-01
 102 132   6.000E-02
 102 133   9.600E-01
 102 134   1.000E+00
 102 135   7.200E-01
 103 133   6.900E-01
 103 134   1.000E+00
 103 135   5.700E-01
 104 133   6.200E-01
 104 134   7.900E-01
 104 135   3.000E-02
 105 133   2.300E-01
 105 134   2.100E-01
  3 I_BCN010.txt        
           8
 100 132   1.800E-01
 101 132   4.000E-01
 102 132   7.900E-01
 102 133   1.200E-01
 103 132   5.300E-01
 103 133   4.100E-01
 104 132   2.100E-01
 104 133   3.900E-01
  4 I_BTL006.txt        
          22
 100 131   4.500E-01
 101 130   1.100E-01
 101 131   8.400E-01
 102 130   4.300E-01
 102 131   1.000E+00
 102 132   1.100E-01
 103 130   3.900E-01
 103 131   1.000E+00
 103 132   5.500E-01
 104 130   4.100E-01
 104 131   1.000E+00
 104 132   8.800E-01
 104 133   1.600E-01
 105 130   6.300E-01
 105 131   1.000E+00
 105 132   1.000E+00
 105 133   7.600E-01
 106 130   6.000E-01
 106 131   8.000E-01
 106 132   9.500E-01
 106 133   1.000E-01
 107 132   1.100E-01
  5 I_PYN001.txt        
          11
  99 129   2.500E-01
 100 129   4.700E-01
 100 130   2.600E-01
 101 129   1.600E-01
 101 130   6.600E-01
 102 129   2.900E-01
 102 130   6.400E-01
 103 129   1.600E-01
 103 130   7.200E-01
 104 130   4.500E-01
 105 130   9.000E-02
  6 I_ANT011.txt        
          13
 100 129   1.700E-01
 101 128   3.000E-02
 101 129   2.800E-01
 102 128   1.000E-02
 102 129   7.200E-01
 103 128   1.300E-01
 103 129   9.100E-01
 103 130   4.000E-02
 104 129   9.800E-01
 104 130   3.500E-01
 105 129   7.300E-01
 105 130   4.400E-01
 106 129   1.300E-01
  7 I_MLC006.txt        
          19
 101 127   1.700E-01
 102 127   3.100E-01
 102 128   2.000E-02
 103 127   1.200E-01
 103 128   8.700E-01
 103 129   2.000E-02
 104 128   7.700E-01
 104 129   1.500E-01
 105 128   3.000E-01
 105 129   3.800E-01
 105 130   2.000E-02
 106 129   6.200E-01
 106 130   5.700E-01
 106 131   3.300E-01
 106 132   2.000E-02
 107 129   7.000E-02
 107 130   3.600E-01
 107 131   4.200E-01
 107 132   4.000E-02
  8 I_DRC012.txt        
          19
 102 126   1.500E-01
 102 127   1.100E-01
 103 126   1.300E-01
 103 127   3.900E-01
 104 126   1.300E-01
 104 127   9.000E-01
 104 128   7.000E-02
 105 127   5.100E-01
 105 128   8.300E-01
 105 129   2.000E-02
 106 127   6.000E-02
 106 128   8.600E-01
 106 129   4.900E-01
 107 128   5.200E-01
 107 129   1.000E+00
 107 130   6.200E-01
 108 128   4.000E-02
 108 129   7.900E-01
 108 130   5.400E-01
  9 I_MNS000.txt        
          23
 100 128   2.900E-01
 100 129   6.200E-01
 101 127   3.800E-01
 101 128   1.000E+00
 101 129   8.800E-01
 102 125   4.000E-02
 102 126   3.600E-01
 102 127   8.500E-01
 102 128   1.000E+00
 102 129   2.800E-01
 103 124   2.200E-01
 103 125   8.500E-01
 103 126   9.700E-01
 103 127   7.000E-01
 103 128   2.700E-01
 104 124   4.400E-01
 104 125   8.900E-01
 104 126   9.400E-01
 104 127   2.100E-01
 104 128   3.200E-01
 105 125   2.000E-02
 105 126   5.000E-02
 105 128   2.000E-02
 10 I_BCC014.txt        
          11
 104 124   3.100E-01
 104 125   2.200E-01
 104 126   7.000E-02
 104 127   4.000E-02
 105 125   3.500E-01
 105 126   7.000E-01
 105 127   6.300E-01
 106 127   4.300E-01
 106 128   2.600E-01
 107 127   2.000E-02
 107 128   9.000E-02
 11 I_LCC038.txt        
           5
 104 123   1.100E-01
 104 124   3.000E-01
 105 124   3.100E-01
 105 125   4.500E-01
 105 126   1.000E-02
 12 I_BTC060.txt        
          14
 104 123   5.000E-02
 105 123   1.500E-01
 105 124   8.100E-01
 105 125   4.600E-01
 105 126   4.300E-01
 105 127   5.000E-02
 106 124   2.600E-01
 106 125   4.900E-01
 106 126   8.100E-01
 106 127   7.000E-01
 107 127   5.100E-01
 107 128   5.300E-01
 108 127   4.100E-01
 108 128   2.100E-01
 13 I_LDC029.txt        
           4
 105 123   7.600E-01
 105 124   5.000E-02
 106 123   3.300E-01
 106 124   2.200E-01
 14 I_WBF030.txt        
           6
 106 126   2.700E-01
 106 127   4.000E-02
 107 126   6.400E-01
 107 127   6.300E-01
 108 126   3.000E-02
 108 127   2.300E-01
 15 I_WBF006.txt        
          10
 106 123   3.700E-01
 106 124   6.900E-01
 106 125   6.600E-01
 106 126   1.100E-01
 107 123   1.100E-01
 107 124   5.100E-01
 107 125   7.700E-01
 107 126   5.000E-01
 108 125   5.000E-02
 108 126   2.100E-01
 16 I_NFF027.txt        
          94
 107 124   3.600E-01
 107 125   3.400E-01
 107 128   1.200E-01
 107 130   2.300E-01
 107 131   7.400E-01
 107 132   1.200E-01
 108 124   5.700E-01
 108 125   9.800E-01
 108 126   9.100E-01
 108 127   5.800E-01
 108 128   8.800E-01
 108 129   3.500E-01
 108 130   6.700E-01
 108 131   9.800E-01
 108 132   2.900E-01
 109 124   1.200E-01
 109 125   9.700E-01
 109 126   1.000E+00
 109 127   1.000E+00
 109 128   1.000E+00
 109 129   1.000E+00
 109 130   1.000E+00
 109 131   9.800E-01
 109 132   3.000E-02
 110 124   1.000E-02
 110 125   9.400E-01
 110 126   1.000E+00
 110 127   1.000E+00
 110 128   1.000E+00
 110 129   1.000E+00
 110 130   1.000E+00
 110 131   1.000E+00
 110 132   2.100E-01
 111 125   7.400E-01
 111 126   1.000E+00
 111 127   1.000E+00
 111 128   1.000E+00
 111 129   1.000E+00
 111 130   1.000E+00
 111 131   1.000E+00
 111 132   1.800E-01
 112 125   7.200E-01
 112 126   1.000E+00
 112 127   1.000E+00
 112 128   1.000E+00
 112 129   1.000E+00
 112 130   1.000E+00
 112 131   8.000E-01
 112 132   5.000E-02
 113 125   6.100E-01
 113 126   1.000E+00
 113 127   1.000E+00
 113 128   1.000E+00
 113 129   1.000E+00
 113 130   1.000E+00
 113 131   3.100E-01
 114 125   5.000E-01
 114 126   1.000E+00
 114 127   1.000E+00
 114 128   1.000E+00
 114 129   9.900E-01
 114 130   4.200E-01
 114 131   2.000E-02
 115 125   5.700E-01
 115 126   1.000E+00
 115 127   1.000E+00
 115 128   1.000E+00
 115 129   1.000E+00
 115 130   2.600E-01
 116 125   1.900E-01
 116 126   9.800E-01
 116 127   1.000E+00
 116 128   1.000E+00
 116 129   1.000E+00
 116 130   2.000E-01
 117 126   8.400E-01
 117 127   1.000E+00
 117 128   1.000E+00
 117 129   8.700E-01
 118 125   1.500E-01
 118 126   9.600E-01
 118 127   1.000E+00
 118 128   1.000E+00
 118 129   2.800E-01
 119 125   6.900E-01
 119 126   1.000E+00
 119 127   1.000E+00
 119 128   4.900E-01
 120 125   2.900E-01
 120 126   6.800E-01
 120 127   1.000E+00
 120 128   1.000E-01
 121 126   3.000E-02
 121 127   4.800E-01
 17 I_MFF019.txt        
          57
 109 123   4.200E-01
 109 124   7.200E-01
 109 125   1.200E-01
 110 123   3.900E-01
 110 124   1.000E+00
 110 125   1.700E-01
 111 124   9.200E-01
 111 125   4.100E-01
 112 124   9.100E-01
 112 125   4.100E-01
 113 124   7.400E-01
 113 125   5.200E-01
 114 123   1.000E-01
 114 124   9.100E-01
 114 125   6.300E-01
 115 123   4.800E-01
 115 124   1.000E+00
 115 125   5.500E-01
 116 123   9.100E-01
 116 124   1.000E+00
 116 125   9.600E-01
 116 126   5.000E-02
 117 123   8.800E-01
 117 124   1.000E+00
 117 125   1.000E+00
 117 126   2.800E-01
 118 121   1.100E-01
 118 122   6.600E-01
 118 123   1.000E+00
 118 124   1.000E+00
 118 125   9.400E-01
 118 126   1.200E-01
 119 121   7.400E-01
 119 122   1.000E+00
 119 123   1.000E+00
 119 124   1.000E+00
 119 125   4.200E-01
 120 121   7.700E-01
 120 122   1.000E+00
 120 123   1.000E+00
 120 124   1.000E+00
 120 125   8.400E-01
 120 126   4.600E-01
 120 127   5.000E-02
 121 121   4.500E-01
 121 122   1.000E+00
 121 123   1.000E+00
 121 124   1.000E+00
 121 125   1.000E+00
 121 126   9.700E-01
 121 127   6.000E-02
 122 121   1.500E-01
 122 122   6.400E-01
 122 123   3.900E-01
 122 124   7.600E-01
 122 125   7.600E-01
 122 126   2.700E-01
 18 I_LGRSV.txt         
           5
 112 123   3.100E-01
 112 124   1.200E-01
 113 123   2.900E-01
 113 124   3.500E-01
 114 124   7.000E-02
 19 I_LST007.txt        
           4
 111 122   5.200E-01
 111 123   3.000E-02
 112 122   1.600E-01
 112 123   3.500E-01
 20 I_SFF011.txt        
           7
 109 121   3.100E-01
 110 121   5.400E-01
 110 122   2.900E-01
 111 121   1.900E-01
 111 122   5.300E-01
 111 123   2.500E-01
 112 123   3.300E-01
 21 I_SFF008.txt        
           5
 108 121   2.000E-02
 109 121   3.400E-01
 109 122   2.000E-01
 110 121   9.000E-02
 110 122   4.700E-01
 22 I_OROVL.txt         
          22
 106 122   1.400E-01
 106 123   4.100E-01
 107 121   4.600E-01
 107 122   1.000E+00
 107 123   9.500E-01
 107 124   3.100E-01
 108 121   8.400E-01
 108 122   1.000E+00
 108 123   1.000E+00
 108 124   5.800E-01
 109 121   2.700E-01
 109 122   8.900E-01
 109 123   7.600E-01
 109 124   3.500E-01
 110 122   4.600E-01
 110 123   7.200E-01
 110 124   1.000E-02
 111 122   1.200E-01
 111 123   8.500E-01
 111 124   2.200E-01
 112 123   1.700E-01
 112 124   9.000E-02
 23 I_HON021.txt        
           6
 108 119   1.900E-01
 108 120   3.700E-01
 108 121   2.000E-02
 109 119   8.000E-02
 109 120   5.000E-01
 109 121   1.100E-01
 24 I_MERLC.txt         
           6
 109 119   7.800E-01
 109 120   6.300E-01
 109 121   3.400E-01
 110 119   1.900E-01
 110 120   5.700E-01
 110 121   3.100E-01
 25 I_SLT009.txt        
           7
 112 122   4.800E-01
 112 123   1.900E-01
 113 122   1.300E-01
 113 123   7.700E-01
 113 124   6.000E-02
 114 123   2.600E-01
 114 124   1.400E-01
 26 I_NFY029.txt        
          17
 113 121   3.800E-01
 113 122   1.400E-01
 114 121   7.400E-01
 114 122   9.100E-01
 114 123   1.100E-01
 115 121   7.900E-01
 115 122   1.000E+00
 115 123   6.100E-01
 116 121   4.800E-01
 116 122   1.000E+00
 116 123   2.200E-01
 117 121   5.000E-01
 117 122   1.000E+00
 117 123   2.300E-01
 118 121   5.600E-01
 118 122   4.900E-01
 119 121   3.000E-02
 27 I_OGN005.txt        
           6
 112 120   4.700E-01
 112 121   2.000E-02
 113 120   3.300E-01
 113 121   1.700E-01
 114 120   6.000E-02
 114 121   2.800E-01
 28 I_MFY013.txt        
          13
 112 120   1.000E-01
 113 120   7.200E-01
 114 120   9.500E-01
 114 121   1.800E-01
 115 120   5.500E-01
 115 121   3.500E-01
 116 120   2.500E-01
 116 121   6.200E-01
 117 120   2.400E-01
 117 121   6.100E-01
 118 120   5.800E-01
 118 121   5.000E-01
 119 121   3.000E-02
 29 I_NBLDB.txt         
          16
 110 119   2.000E-02
 110 120   5.100E-01
 110 121   2.900E-01
 111 119   2.000E-02
 111 120   7.900E-01
 111 121   9.200E-01
 111 122   1.100E-01
 112 120   2.500E-01
 112 121   1.000E+00
 112 122   5.600E-01
 113 121   6.700E-01
 113 122   8.500E-01
 113 123   1.300E-01
 114 122   1.700E-01
 114 123   7.800E-01
 115 123   1.000E-01
 30 I_SFY007.txt        
          24
 111 118   8.000E-02
 111 119   9.000E-02
 112 118   2.500E-01
 112 119   6.100E-01
 113 118   1.200E-01
 113 119   9.800E-01
 113 120   8.000E-02
 114 119   8.100E-01
 114 120   1.400E-01
 115 119   8.700E-01
 115 120   5.900E-01
 116 119   8.900E-01
 116 120   8.800E-01
 117 118   5.000E-02
 117 119   9.300E-01
 117 120   8.900E-01
 118 118   1.800E-01
 118 119   1.000E+00
 118 120   4.600E-01
 119 118   6.000E-02
 119 119   9.900E-01
 119 120   4.000E-01
 120 118   6.000E-02
 120 119   1.900E-01
 31 I_ENGLB.txt         
          13
 109 118   3.700E-01
 109 119   1.200E-01
 110 118   6.100E-01
 110 119   9.000E-01
 110 120   9.000E-02
 111 118   5.100E-01
 111 119   9.700E-01
 111 120   3.700E-01
 112 118   1.100E-01
 112 119   5.400E-01
 112 120   4.600E-01
 113 119   2.000E-02
 113 120   1.400E-01
 32 I_DER001.txt        
          12
 109 118   7.000E-02
 110 117   3.200E-01
 110 118   5.100E-01
 111 117   3.800E-01
 111 118   5.700E-01
 112 118   5.400E-01
 113 118   4.900E-01
 113 119   7.000E-02
 114 118   1.700E-01
 114 119   3.000E-01
 115 118   5.000E-02
 115 119   1.000E-01
 33 I_DHC001.txt        
           8
 108 116   1.100E-01
 108 117   3.900E-01
 109 116   5.100E-01
 109 117   8.700E-01
 110 116   4.200E-01
 110 117   7.400E-01
 111 116   2.500E-01
 111 117   4.100E-01
 34 I_RLLNS.txt         
          12
 112 117   1.000E-01
 112 118   8.000E-02
 113 116   1.000E-02
 113 117   8.400E-01
 113 118   5.800E-01
 114 117   3.700E-01
 114 118   9.300E-01
 115 117   1.000E-02
 115 118   6.600E-01
 115 119   1.800E-01
 116 118   8.000E-02
 116 119   1.700E-01
 35 I_CMBIE.txt         
           6
 112 115   4.200E-01
 112 116   4.900E-01
 112 117   1.000E-01
 113 115   2.000E-02
 113 116   2.000E-01
 113 117   1.700E-01
 37 I_CMPFW.txt         
          14
 109 115   1.600E-01
 109 116   5.200E-01
 110 115   4.300E-01
 110 116   7.000E-01
 111 115   4.000E-01
 111 116   8.600E-01
 111 117   4.600E-01
 111 118   3.000E-02
 112 115   1.200E-01
 112 116   6.700E-01
 112 117   9.100E-01
 112 118   3.500E-01
 113 117   2.000E-02
 113 118   2.000E-02
 38 I_LKVLY.txt         
           2
 117 118   2.100E-01
 117 119   6.000E-02
 39 I_NFA054.txt        
          15
 115 117   4.300E-01
 115 118   2.900E-01
 116 117   6.300E-01
 116 118   9.800E-01
 116 119   9.000E-02
 117 117   3.000E-01
 117 118   9.000E-01
 117 119   1.700E-01
 118 117   4.800E-01
 118 118   9.500E-01
 119 117   1.300E-01
 119 118   9.600E-01
 119 119   1.000E-01
 120 117   1.000E-01
 120 118   7.000E-01
 40 I_NFA022.txt        
          13
 112 114   7.000E-02
 112 115   1.600E-01
 112 116   1.000E-02
 113 115   6.000E-01
 113 116   9.100E-01
 113 117   1.700E-01
 114 115   2.200E-01
 114 116   1.000E+00
 114 117   7.700E-01
 115 116   6.400E-01
 115 117   6.900E-01
 115 118   2.900E-01
 116 117   3.000E-02
 41 I_MFA023.txt        
          29
 115 115   3.200E-01
 115 116   3.000E-01
 116 114   4.600E-01
 116 115   9.900E-01
 116 116   1.000E+00
 116 117   5.200E-01
 117 114   6.600E-01
 117 115   1.000E+00
 117 116   1.000E+00
 117 117   8.300E-01
 118 114   4.800E-01
 118 115   1.000E+00
 118 116   1.000E+00
 118 117   6.300E-01
 119 114   2.200E-01
 119 115   1.000E+00
 119 116   1.000E+00
 119 117   9.500E-01
 119 118   8.000E-02
 120 115   9.000E-01
 120 116   1.000E+00
 120 117   9.300E-01
 120 118   3.000E-02
 121 114   3.500E-01
 121 115   8.700E-01
 121 116   4.700E-01
 121 117   1.400E-01
 122 114   1.500E-01
 122 115   1.600E-01
 42 I_MFA001.txt        
          10
 112 114   2.600E-01
 112 115   1.000E-02
 113 114   3.500E-01
 113 115   5.400E-01
 114 114   4.100E-01
 114 115   8.700E-01
 115 114   1.500E-01
 115 115   7.900E-01
 115 116   3.600E-01
 116 115   6.000E-02
 43 I_SFA029.txt        
          40
 114 112   1.000E-02
 114 113   1.400E-01
 114 114   3.000E-02
 115 112   1.900E-01
 115 113   1.000E+00
 115 114   8.500E-01
 115 115   4.000E-02
 116 112   2.500E-01
 116 113   1.000E+00
 116 114   6.900E-01
 116 115   1.000E-02
 117 112   1.000E-01
 117 113   1.000E+00
 117 114   4.300E-01
 118 112   1.700E-01
 118 113   1.000E+00
 118 114   6.400E-01
 119 112   5.800E-01
 119 113   1.000E+00
 119 114   9.300E-01
 119 115   3.000E-02
 120 111   4.000E-02
 120 112   9.500E-01
 120 113   1.000E+00
 120 114   1.000E+00
 120 115   2.000E-01
 121 111   4.500E-01
 121 112   1.000E+00
 121 113   1.000E+00
 121 114   7.700E-01
 121 115   6.000E-02
 122 111   5.300E-01
 122 112   1.000E+00
 122 113   9.500E-01
 122 114   2.000E-01
 123 111   2.800E-01
 123 112   7.400E-01
 123 113   3.900E-01
 124 111   1.000E-02
 124 112   4.000E-02
 44 I_FOLSM.txt         
          23
 110 112   7.000E-02
 111 112   7.800E-01
 111 113   6.100E-01
 111 114   1.700E-01
 112 112   8.500E-01
 112 113   1.000E+00
 112 114   8.200E-01
 112 115   3.000E-01
 113 111   7.000E-02
 113 112   9.600E-01
 113 113   1.000E+00
 113 114   7.900E-01
 113 115   6.000E-02
 114 111   1.000E-01
 114 112   9.300E-01
 114 113   9.700E-01
 114 114   7.400E-01
 115 112   8.100E-01
 115 113   5.000E-02
 115 114   1.700E-01
 116 112   5.300E-01
 117 112   2.400E-01
 117 113   3.000E-02
 45 I_TRNTY.txt         
          38
  90 136   2.800E-01
  90 137   6.200E-01
  90 138   9.000E-02
  90 139   8.000E-02
  91 135   6.000E-02
  91 136   9.200E-01
  91 137   9.600E-01
  91 138   6.700E-01
  91 139   9.900E-01
  91 140   9.000E-02
  92 135   4.400E-01
  92 136   1.000E+00
  92 137   1.000E+00
  92 138   1.000E+00
  92 139   1.000E+00
  92 140   2.500E-01
  93 135   5.700E-01
  93 136   1.000E+00
  93 137   1.000E+00
  93 138   1.000E+00
  93 139   1.000E+00
  93 140   7.600E-01
  94 135   2.700E-01
  94 136   7.900E-01
  94 137   9.800E-01
  94 138   1.000E+00
  94 139   1.000E+00
  94 140   1.000E+00
  94 141   4.100E-01
  95 137   2.000E-01
  95 138   8.700E-01
  95 139   1.000E+00
  95 140   9.900E-01
  95 141   8.600E-01
  96 138   9.000E-02
  96 139   6.500E-01
  96 140   4.000E-02
  96 141   1.500E-01
 46 I_LWSTN.txt         
           4
  92 134   1.100E-01
  92 135   3.900E-01
  93 134   1.100E-01
  93 135   5.100E-01
 47 I_CLR025.txt        
          13
  93 133   2.600E-01
  93 134   4.900E-01
  93 135   8.000E-02
  94 133   8.500E-01
  94 134   1.000E+00
  94 135   8.300E-01
  94 136   3.400E-01
  94 137   7.000E-02
  95 133   6.200E-01
  95 134   7.500E-01
  95 135   8.200E-01
  95 136   8.000E-01
  95 137   6.700E-01
 48 I_CLR011.txt        
           6
  94 132   8.000E-02
  94 133   4.000E-02
  95 132   5.300E-01
  95 133   4.500E-01
  96 132   4.000E-02
  96 133   3.000E-02
 49 I_CWD018.txt        
          27
  89 129   5.000E-02
  89 130   1.400E-01
  90 128   4.000E-02
  90 129   5.500E-01
  90 130   9.600E-01
  90 131   2.900E-01
  91 128   7.000E-02
  91 129   7.500E-01
  91 130   9.500E-01
  91 131   8.000E-01
  91 132   3.000E-02
  92 130   6.600E-01
  92 131   1.000E+00
  92 132   4.900E-01
  93 130   7.900E-01
  93 131   1.000E+00
  93 132   9.900E-01
  93 133   1.100E-01
  94 130   7.200E-01
  94 131   1.000E+00
  94 132   9.700E-01
  94 133   2.500E-01
  95 130   3.300E-01
  95 131   9.400E-01
  95 132   3.000E-01
  96 130   9.000E-02
  96 131   1.600E-01
 50 I_SCW008.txt        
          23
  90 127   6.000E-02
  90 128   2.300E-01
  91 127   7.600E-01
  91 128   9.800E-01
  91 129   3.800E-01
  91 130   1.000E-01
  92 127   8.400E-01
  92 128   1.000E+00
  92 129   1.000E+00
  92 130   4.500E-01
  93 127   5.300E-01
  93 128   1.000E+00
  93 129   1.000E+00
  93 130   3.300E-01
  94 127   5.000E-02
  94 128   8.900E-01
  94 129   1.000E+00
  94 130   3.500E-01
  95 128   4.400E-01
  95 129   1.000E+00
  95 130   2.000E-01
  96 129   5.800E-01
  96 130   3.100E-01
 51 I_ELD027.txt        
          10
  92 127   9.000E-02
  93 125   6.000E-02
  93 126   7.400E-01
  93 127   4.600E-01
  94 125   1.100E-01
  94 126   9.700E-01
  94 127   2.500E-01
  95 126   4.900E-01
  95 127   3.900E-01
  96 127   1.000E-02
 52 I_THM028.txt        
          14
  91 125   7.600E-01
  91 126   7.900E-01
  91 127   3.400E-01
  92 124   1.400E-01
  92 125   1.000E+00
  92 126   1.000E+00
  92 127   2.200E-01
  93 124   2.900E-01
  93 125   9.800E-01
  93 126   4.200E-01
  93 127   1.000E-02
  94 124   3.400E-01
  94 125   8.900E-01
  95 125   5.200E-01
 53 I_EPARK.txt         
           9
  93 118   1.500E-01
  94 118   8.900E-01
  94 119   1.600E-01
  95 118   7.600E-01
  95 119   4.500E-01
  96 117   4.000E-02
  96 118   7.800E-01
  96 119   5.400E-01
  97 118   4.000E-02
 54 I_SGRGE.txt         
          19
  92 119   4.000E-02
  92 120   1.900E-01
  93 118   2.600E-01
  93 119   8.900E-01
  93 120   8.100E-01
  93 121   2.200E-01
  94 118   1.100E-01
  94 119   9.200E-01
  94 120   1.000E+00
  94 121   8.500E-01
  94 122   2.000E-02
  95 119   6.700E-01
  95 120   1.000E+00
  95 121   1.000E+00
  95 122   3.200E-01
  96 119   1.900E-01
  96 120   5.700E-01
  96 121   2.500E-01
  96 122   2.000E-02
 55 I_BLKBT.txt         
          26
  91 123   2.000E-02
  91 124   7.400E-01
  91 125   2.300E-01
  92 122   8.000E-02
  92 123   5.000E-01
  92 124   9.600E-01
  92 125   1.000E-02
  93 121   4.000E-02
  93 122   6.400E-01
  93 123   1.000E+00
  93 124   8.200E-01
  94 121   1.800E-01
  94 122   1.000E+00
  94 123   1.000E+00
  94 124   7.700E-01
  94 125   2.000E-02
  95 122   7.900E-01
  95 123   1.000E+00
  95 124   1.000E+00
  95 125   2.400E-01
  96 122   2.500E-01
  96 123   8.300E-01
  96 124   8.900E-01
  97 123   1.900E-01
  97 124   9.000E-01
  98 124   3.000E-02
 56 I_CLRLK.txt         
          31
  89 115   3.000E-02
  89 116   4.200E-01
  89 117   2.200E-01
  90 114   4.000E-02
  90 115   5.000E-01
  90 116   1.000E+00
  90 117   9.500E-01
  90 118   6.200E-01
  90 119   1.300E-01
  91 114   5.300E-01
  91 115   1.000E+00
  91 116   1.000E+00
  91 117   1.000E+00
  91 118   8.800E-01
  91 119   7.000E-02
  92 113   1.100E-01
  92 114   9.500E-01
  92 115   1.000E+00
  92 116   1.000E+00
  92 117   9.500E-01
  92 118   2.100E-01
  93 113   4.600E-01
  93 114   9.100E-01
  93 115   1.000E+00
  93 116   6.100E-01
  93 117   5.000E-02
  94 113   2.000E-02
  94 114   3.400E-01
  94 115   9.800E-01
  94 116   2.800E-01
  95 115   1.700E-01
 57 I_INDVL.txt         
          12
  92 117   1.400E-01
  92 118   3.700E-01
  93 117   7.300E-01
  93 118   4.700E-01
  94 116   1.000E-02
  94 117   8.300E-01
  94 118   2.000E-01
  95 116   4.300E-01
  95 117   1.000E+00
  95 118   4.000E-02
  96 116   1.600E-01
  96 117   2.600E-01
 58 I_BRC003.txt        
          11
  95 117   9.000E-02
  95 118   3.900E-01
  96 115   3.000E-02
  96 116   7.700E-01
  96 117   8.700E-01
  96 118   2.400E-01
  97 115   7.700E-01
  97 116   4.000E-01
  97 117   1.200E-01
  97 118   2.000E-02
  98 115   1.400E-01
 59 I_CCH053.txt        
          21
  93 114   1.200E-01
  93 116   5.100E-01
  93 117   3.800E-01
  94 113   9.000E-02
  94 114   7.200E-01
  94 115   1.000E-01
  94 116   8.400E-01
  94 117   3.000E-01
  95 113   4.000E-02
  95 114   6.700E-01
  95 115   9.500E-01
  95 116   7.100E-01
  96 114   6.400E-01
  96 115   1.000E+00
  96 116   2.400E-01
  97 113   9.000E-02
  97 114   9.300E-01
  97 115   4.200E-01
  98 113   9.000E-02
  98 114   5.300E-01
  98 115   5.000E-02
 60 I_BRYSA.txt         
          34
  93 112   1.500E-01
  93 113   4.800E-01
  93 114   1.200E-01
  94 111   7.000E-02
  94 112   7.800E-01
  94 113   9.800E-01
  94 114   1.200E-01
  95 111   4.800E-01
  95 112   1.000E+00
  95 113   1.000E+00
  95 114   4.700E-01
  96 110   1.000E-02
  96 111   8.300E-01
  96 112   1.000E+00
  96 113   1.000E+00
  96 114   5.100E-01
  97 110   2.800E-01
  97 111   1.000E+00
  97 112   1.000E+00
  97 113   9.800E-01
  97 114   1.600E-01
  98 109   2.600E-01
  98 110   6.900E-01
  98 111   1.000E+00
  98 112   1.000E+00
  98 113   7.100E-01
  99 108   6.000E-02
  99 109   9.300E-01
  99 110   1.000E+00
  99 111   9.200E-01
  99 112   2.500E-01
 100 109   3.100E-01
 100 110   4.400E-01
 100 111   1.100E-01
