  1 American River      
          11
 108  81   2.400E-01
 108  82   5.800E-01
 109  81   2.800E-01
 109  82   1.000E+00
 109  83   3.300E-01
 110  81   1.800E-01
 110  82   1.000E+00
 110  83   5.400E-01
 111  81   3.000E-01
 111  82   3.800E-01
 111  83   2.000E-02
  2 Carson River        
           5
 111  81   1.200E-01
 111  82   6.000E-02
 112  80   4.000E-02
 112  81   7.700E-01
 112  82   2.100E-01
  3 Feather River       
          14
 107  84   6.800E-01
 107  85   5.300E-01
 107  86   2.800E-01
 108  84   8.200E-01
 108  85   1.000E+00
 108  86   8.100E-01
 109  84   4.200E-01
 109  85   1.000E+00
 109  86   4.600E-01
 110  84   8.300E-01
 110  85   9.300E-01
 110  86   1.100E-01
 111  84   4.000E-01
 111  85   2.700E-01
  4 Kaweah River        
           7
 113  75   7.000E-02
 113  76   1.500E-01
 114  74   1.200E-01
 114  75   8.700E-01
 114  76   3.500E-01
 115  75   6.400E-01
 115  76   1.500E-01
  5 Kern River          
          13
 114  72   9.000E-02
 115  72   3.500E-01
 115  73   4.700E-01
 115  74   4.400E-01
 115  75   3.800E-01
 115  76   4.000E-02
 116  72   2.600E-01
 116  73   1.000E+00
 116  74   1.000E+00
 116  75   8.400E-01
 116  76   1.400E-01
 117  73   2.400E-01
 117  74   2.300E-01
  6 Kings River         
          10
 112  76   1.400E-01
 113  76   7.100E-01
 113  77   3.100E-01
 114  76   7.900E-01
 114  77   6.700E-01
 115  75   3.000E-02
 115  76   9.400E-01
 115  77   5.000E-01
 116  76   2.600E-01
 116  77   6.000E-02
  7 Lake Tahoe          
           4
 111  81   5.000E-02
 111  82   6.700E-01
 111  83   2.400E-01
 112  82   3.000E-02
  8 Merced River        
           8
 110  78   2.100E-01
 110  79   7.000E-02
 111  78   4.600E-01
 111  79   3.800E-01
 112  78   5.600E-01
 112  79   4.200E-01
 113  78   3.000E-01
 113  79   4.000E-01
  9 Owens River         
          17
 114  78   3.000E-01
 114  79   2.900E-01
 115  77   4.300E-01
 115  78   9.700E-01
 115  79   4.400E-01
 116  74   1.000E-02
 116  75   3.300E-01
 116  76   8.000E-01
 116  77   9.700E-01
 116  78   7.400E-01
 116  79   2.700E-01
 117  74   1.200E-01
 117  75   9.700E-01
 117  76   3.500E-01
 117  77   1.300E-01
 118  74   4.000E-02
 118  75   1.400E-01
 10 San Joaquin River   
          12
 112  76   5.000E-02
 112  77   4.400E-01
 112  78   6.000E-02
 113  76   1.000E-02
 113  77   8.300E-01
 113  78   8.300E-01
 113  79   7.000E-02
 114  77   4.500E-01
 114  78   8.100E-01
 114  79   6.000E-02
 115  77   3.000E-01
 115  78   1.100E-01
 11 Stanislaus River    
           8
 109  79   9.000E-02
 109  80   2.000E-02
 110  79   3.500E-01
 110  80   4.500E-01
 111  80   7.800E-01
 111  81   2.200E-01
 112  80   4.700E-01
 112  81   1.800E-01
 12 Truckee River       
           4
 110  83   2.600E-01
 110  84   7.000E-02
 111  83   5.900E-01
 111  84   2.400E-01
 13 Tuolumne River      
          10
 109  79   2.000E-02
 110  78   8.000E-02
 110  79   7.400E-01
 110  80   4.000E-02
 111  79   7.700E-01
 111  80   3.400E-01
 112  79   7.000E-01
 112  80   5.100E-01
 113  79   5.900E-01
 113  80   1.800E-01
 14 Walker River        
           7
 112  80   2.100E-01
 112  81   1.800E-01
 113  79   2.000E-02
 113  80   9.300E-01
 113  81   5.000E-01
 114  80   4.200E-01
 114  81   2.000E-02
 15 Yuba River          
           8
 107  83   4.400E-01
 107  84   8.000E-02
 108  83   8.500E-01
 108  84   3.200E-01
 109  83   5.800E-01
 109  84   7.400E-01
 110  83   4.600E-01
 110  84   2.800E-01
 16 Consumnes River     
           4
 108  81   2.900E-01
 109  81   7.100E-01
 110  81   6.400E-01
 111  81   3.000E-02
 17 Mokelumne River     
           7
 109  80   3.600E-01
 109  81   2.800E-01
 110  80   2.600E-01
 110  81   4.000E-01
 111  80   5.000E-02
 111  81   6.200E-01
 112  81   1.300E-01
 18 Tule River          
           4
 114  74   3.300E-01
 114  75   2.000E-02
 115  74   5.700E-01
 115  75   1.900E-01
