  95 134   1.100E-01
  95 135   2.800E-01
  95 136   3.200E-01
  95 137   3.500E-01
  95 138   2.600E-01
  95 140   1.100E-01
  95 141   1.000E-02
  96 134   2.700E-01
  96 135   1.000E+00
  96 136   1.000E+00
  96 137   1.000E+00
  96 138   9.700E-01
  96 139   5.200E-01
  96 140   1.000E+00
  96 141   5.700E-01
  97 134   2.200E-01
  97 135   1.000E+00
  97 136   1.000E+00
  97 137   1.000E+00
  97 138   1.000E+00
  97 139   1.000E+00
  97 140   1.000E+00
  97 141   1.000E+00
  97 142   1.100E-01
  98 134   6.000E-02
  98 135   9.900E-01
  98 136   1.000E+00
  98 137   1.000E+00
  98 138   1.000E+00
  98 139   1.000E+00
  98 140   1.000E+00
  98 141   1.000E+00
  98 142   2.700E-01
  99 134   2.500E-01
  99 135   1.000E+00
  99 136   1.000E+00
  99 137   1.000E+00
  99 138   1.000E+00
  99 139   1.000E+00
  99 140   1.000E+00
  99 141   1.000E+00
  99 142   5.500E-01
 100 134   1.100E-01
 100 135   9.500E-01
 100 136   1.000E+00
 100 137   1.000E+00
 100 138   1.000E+00
 100 139   1.000E+00
 100 140   1.000E+00
 100 141   1.000E+00
 100 142   8.300E-01
 101 135   4.800E-01
 101 136   1.000E+00
 101 137   1.000E+00
 101 138   1.000E+00
 101 139   1.000E+00
 101 140   1.000E+00
 101 141   1.000E+00
 101 142   9.900E-01
 101 143   1.000E-01
 102 135   3.800E-01
 102 136   1.000E+00
 102 137   1.000E+00
 102 138   1.000E+00
 102 139   1.000E+00
 102 140   1.000E+00
 102 141   1.000E+00
 102 142   1.000E+00
 102 143   3.000E-01
 103 135   5.600E-01
 103 136   1.000E+00
 103 137   1.000E+00
 103 138   1.000E+00
 103 139   1.000E+00
 103 140   1.000E+00
 103 141   1.000E+00
 103 142   1.000E+00
 103 143   8.300E-01
 104 134   3.300E-01
 104 135   1.000E+00
 104 136   1.000E+00
 104 137   1.000E+00
 104 138   1.000E+00
 104 139   1.000E+00
 104 140   1.000E+00
 104 141   1.000E+00
 104 142   1.000E+00
 104 143   1.000E+00
 104 144   1.800E-01
 105 133   1.900E-01
 105 134   8.800E-01
 105 135   1.000E+00
 105 136   1.000E+00
 105 137   1.000E+00
 105 138   1.000E+00
 105 139   1.000E+00
 105 140   1.000E+00
 105 141   1.000E+00
 105 142   1.000E+00
 105 143   1.000E+00
 105 144   5.000E-01
 106 132   1.400E-01
 106 133   9.700E-01
 106 134   1.000E+00
 106 135   1.000E+00
 106 136   1.000E+00
 106 137   1.000E+00
 106 138   1.000E+00
 106 139   1.000E+00
 106 140   1.000E+00
 106 141   1.000E+00
 106 142   1.000E+00
 106 143   1.000E+00
 106 144   7.500E-01
 107 132   9.400E-01
 107 133   1.000E+00
 107 134   1.000E+00
 107 135   1.000E+00
 107 136   1.000E+00
 107 137   1.000E+00
 107 138   1.000E+00
 107 139   1.000E+00
 107 140   1.000E+00
 107 141   1.000E+00
 107 142   1.000E+00
 107 143   1.000E+00
 107 144   4.300E-01
 108 131   5.000E-02
 108 132   8.400E-01
 108 133   1.000E+00
 108 134   1.000E+00
 108 135   1.000E+00
 108 136   1.000E+00
 108 137   1.000E+00
 108 138   1.000E+00
 108 139   1.000E+00
 108 140   1.000E+00
 108 141   1.000E+00
 108 142   1.000E+00
 108 143   1.000E+00
 108 144   6.000E-01
 109 131   1.200E-01
 109 132   1.000E+00
 109 133   1.000E+00
 109 134   1.000E+00
 109 135   1.000E+00
 109 136   1.000E+00
 109 137   1.000E+00
 109 138   1.000E+00
 109 139   1.000E+00
 109 140   1.000E+00
 109 141   1.000E+00
 109 142   1.000E+00
 109 143   1.000E+00
 109 144   6.300E-01
 110 131   2.000E-02
 110 132   2.200E-01
 110 133   1.000E+00
 110 134   1.000E+00
 110 135   1.000E+00
 110 136   1.000E+00
 110 137   1.000E+00
 110 138   1.000E+00
 110 139   1.000E+00
 110 140   1.000E+00
 110 141   1.000E+00
 110 142   1.000E+00
 110 143   8.500E-01
 110 144   1.000E-02
 111 133   6.600E-01
 111 134   6.700E-01
 111 135   1.000E+00
 111 136   1.000E+00
 111 137   1.000E+00
 111 138   1.000E+00
 111 139   1.000E+00
 111 140   1.000E+00
 111 141   1.000E+00
 111 142   1.000E+00
 111 143   7.000E-01
 112 133   7.000E-02
 112 134   3.000E-02
 112 135   1.000E+00
 112 136   1.000E+00
 112 137   1.000E+00
 112 138   1.000E+00
 112 139   1.000E+00
 112 140   1.000E+00
 112 141   1.000E+00
 112 142   1.000E+00
 112 143   9.500E-01
 112 144   3.100E-01
 113 135   7.600E-01
 113 136   1.000E+00
 113 137   1.000E+00
 113 138   1.000E+00
 113 139   1.000E+00
 113 140   1.000E+00
 113 141   1.000E+00
 113 142   1.000E+00
 113 143   9.800E-01
 113 144   5.400E-01
 114 135   1.000E-01
 114 136   6.600E-01
 114 137   9.600E-01
 114 138   1.000E+00
 114 139   1.000E+00
 114 140   1.000E+00
 114 141   1.000E+00
 114 142   1.000E+00
 114 143   9.900E-01
 114 144   4.800E-01
 114 145   1.200E-01
 115 137   6.300E-01
 115 138   1.000E+00
 115 139   1.000E+00
 115 140   1.000E+00
 115 141   1.000E+00
 115 142   1.000E+00
 115 143   1.000E+00
 115 144   1.000E+00
 115 145   8.600E-01
 115 146   6.000E-02
 116 137   5.700E-01
 116 138   1.000E+00
 116 139   1.000E+00
 116 140   1.000E+00
 116 141   1.000E+00
 116 142   1.000E+00
 116 143   1.000E+00
 116 144   1.000E+00
 116 145   1.000E+00
 116 146   4.300E-01
 117 137   1.100E-01
 117 138   6.100E-01
 117 139   1.000E+00
 117 140   1.000E+00
 117 141   1.000E+00
 117 142   1.000E+00
 117 143   1.000E+00
 117 144   1.000E+00
 117 145   9.900E-01
 117 146   7.600E-01
 117 147   3.000E-02
 118 138   1.700E-01
 118 139   1.000E+00
 118 140   1.000E+00
 118 141   1.000E+00
 118 142   1.000E+00
 118 143   1.000E+00
 118 144   1.000E+00
 118 145   7.900E-01
 119 138   7.400E-01
 119 139   1.000E+00
 119 140   1.000E+00
 119 141   1.000E+00
 119 142   1.000E+00
 119 143   1.000E+00
 119 144   1.000E+00
 119 145   6.900E-01
 120 138   7.500E-01
 120 139   1.000E+00
 120 140   1.000E+00
 120 141   1.000E+00
 120 142   1.000E+00
 120 143   9.000E-01
 120 144   9.100E-01
 120 145   4.100E-01
 121 138   5.900E-01
 121 139   1.000E+00
 121 140   9.700E-01
 121 141   6.600E-01
 121 142   4.100E-01
 121 143   7.000E-02
 122 139   2.000E-01
 122 140   2.300E-01
