  1 I_SHSTA.txt         
          26
 104  87   2.400E-01
 104  88   3.200E-01
 104  89   5.000E-02
 105  87   5.900E-01
 105  88   1.000E+00
 105  89   4.000E-01
 106  87   4.800E-01
 106  88   1.000E+00
 106  89   7.100E-01
 107  86   1.700E-01
 107  87   9.700E-01
 107  88   1.000E+00
 107  89   9.300E-01
 108  86   1.000E-01
 108  87   8.900E-01
 108  88   1.000E+00
 108  89   8.400E-01
 109  87   1.900E-01
 109  88   9.900E-01
 109  89   9.700E-01
 109  90   2.000E-01
 110  88   7.200E-01
 110  89   1.000E+00
 110  90   2.900E-01
 111  88   2.500E-01
 111  89   1.000E-01
  2 I_COW014.txt        
           5
 105  86   6.000E-02
 105  87   2.700E-01
 106  86   5.000E-02
 106  87   6.500E-01
 107  87   4.000E-02
  3 I_BCN010.txt        
           3
 105  86   4.000E-02
 106  86   1.800E-01
 106  87   1.000E-01
  4 I_BTL006.txt        
           5
 105  86   5.000E-02
 106  86   5.200E-01
 106  87   2.000E-02
 107  86   3.800E-01
 107  87   9.000E-02
  5 I_PYN001.txt        
           3
 105  86   1.000E-01
 106  86   3.100E-01
 107  86   2.000E-02
  6 I_ANT011.txt        
           4
 105  86   2.000E-02
 106  85   5.000E-02
 106  86   2.600E-01
 107  86   1.300E-01
  7 I_MLC006.txt        
           4
 106  85   2.200E-01
 106  86   3.000E-02
 107  85   4.000E-02
 107  86   2.900E-01
  8 I_DRC012.txt        
           3
 106  85   2.100E-01
 107  85   2.500E-01
 107  86   2.900E-01
  9 I_MNS000.txt        
           6
 105  85   3.000E-02
 105  86   7.000E-02
 106  84   6.000E-02
 106  85   6.900E-01
 106  86   1.300E-01
 107  85   4.000E-02
 10 I_BCC014.txt        
           3
 106  84   4.000E-02
 106  85   6.000E-02
 107  85   2.500E-01
 11 I_LCC038.txt        
           3
 106  84   4.000E-02
 107  84   3.000E-02
 107  85   5.000E-02
 12 I_BTC060.txt        
           3
 106  84   2.000E-02
 107  84   1.200E-01
 107  85   4.300E-01
 13 I_LDC029.txt        
           1
 107  84   1.400E-01
 14 I_WBF030.txt        
           1
 107  85   2.000E-01
 15 I_WBF006.txt        
           2
 107  84   1.600E-01
 107  85   2.100E-01
 16 I_NFF027.txt        
          11
 107  84   9.000E-02
 107  85   2.900E-01
 107  86   2.900E-01
 108  84   3.000E-02
 108  85   9.900E-01
 108  86   8.100E-01
 109  85   9.200E-01
 109  86   4.600E-01
 110  85   8.300E-01
 110  86   1.100E-01
 111  85   6.000E-02
 17 I_MFF019.txt        
           8
 108  84   3.600E-01
 108  85   1.200E-01
 109  84   3.700E-01
 109  85   2.300E-01
 110  84   8.300E-01
 110  85   3.500E-01
 111  84   4.100E-01
 111  85   2.400E-01
 18 I_LGRSV.txt         
           2
 108  84   5.000E-02
 109  84   9.000E-02
 19 I_LST007.txt        
           1
 108  84   1.400E-01
 20 I_SFF011.txt        
           1
 108  84   2.600E-01
 21 I_SFF008.txt        
           2
 107  84   1.000E-02
 108  84   1.300E-01
 22 I_OROVL.txt         
           3
 107  83   1.000E-02
 107  84   5.200E-01
 108  84   4.300E-01
 23 I_HON021.txt        
           4
 107  83   6.000E-02
 107  84   1.000E-02
 108  83   6.000E-02
 108  84   2.000E-02
 24 I_MERLC.txt         
           2
 108  83   1.900E-01
 108  84   7.000E-02
 25 I_SLT009.txt        
           2
 108  84   8.000E-02
 109  84   1.400E-01
 26 I_NFY029.txt        
           2
 109  84   5.200E-01
 110  84   2.400E-01
 27 I_OGN005.txt        
           4
 108  83   6.000E-02
 108  84   1.000E-02
 109  83   5.000E-02
 109  84   6.000E-02
 28 I_MFY013.txt        
           5
 108  83   2.000E-02
 109  83   2.200E-01
 109  84   1.000E-01
 110  83   8.000E-02
 110  84   1.100E-01
 29 I_NBLDB.txt         
           3
 108  83   1.400E-01
 108  84   2.300E-01
 109  84   2.500E-01
 30 I_SFY007.txt        
           3
 108  83   1.200E-01
 109  83   4.200E-01
 110  83   4.300E-01
 31 I_ENGLB.txt         
           2
 108  83   4.400E-01
 109  83   2.000E-02
 32 I_DER001.txt        
           2
 108  83   2.200E-01
 109  83   1.300E-01
 33 I_DHC001.txt        
           4
 107  82   2.000E-02
 107  83   5.000E-02
 108  82   1.300E-01
 108  83   1.500E-01
 34 I_RLLNS.txt         
           3
 108  83   3.000E-02
 109  82   1.000E-02
 109  83   3.300E-01
 35 I_CMBIE.txt         
           4
 108  82   9.000E-02
 108  83   2.000E-02
 109  82   3.000E-02
 109  83   2.000E-02
 37 I_CMPFW.txt         
           3
 108  82   3.500E-01
 108  83   1.500E-01
 109  83   3.000E-02
 38 I_LKVLY.txt         
           1
 110  83   5.000E-02
 39 I_NFA054.txt        
           2
 109  83   2.100E-01
 110  83   4.000E-01
 40 I_NFA022.txt        
           3
 108  82   6.000E-02
 109  82   2.600E-01
 109  83   2.100E-01
 41 I_MFA023.txt        
           6
 109  82   2.300E-01
 109  83   5.000E-02
 110  82   6.300E-01
 110  83   2.600E-01
 111  82   1.800E-01
 111  83   2.000E-02
 42 I_MFA001.txt        
           2
 108  82   5.000E-02
 109  82   3.400E-01
 43 I_SFA029.txt        
           6
 109  81   6.000E-02
 109  82   2.900E-01
 110  81   1.700E-01
 110  82   5.000E-01
 111  81   3.100E-01
 111  82   2.500E-01
 44 I_FOLSM.txt         
           6
 108  81   1.600E-01
 108  82   2.400E-01
 109  81   2.800E-01
 109  82   3.100E-01
 110  81   3.000E-02
 110  82   2.000E-02
 45 I_TRNTY.txt         
           5
 103  87   2.200E-01
 103  88   5.200E-01
 104  87   2.100E-01
 104  88   7.900E-01
 104  89   1.500E-01
 46 I_LWSTN.txt         
           2
 103  87   6.000E-02
 104  87   7.000E-02
 47 I_CLR025.txt        
           2
 104  87   5.500E-01
 104  88   8.000E-02
 48 I_CLR011.txt        
           2
 104  86   7.000E-02
 104  87   7.000E-02
 49 I_CWD018.txt        
           4
 103  85   2.000E-02
 103  86   5.400E-01
 104  86   5.200E-01
 104  87   4.000E-02
 50 I_SCW008.txt        
           4
 103  85   2.900E-01
 103  86   1.600E-01
 104  85   2.300E-01
 104  86   3.700E-01
 51 I_ELD027.txt        
           2
 103  85   1.000E-02
 104  85   3.300E-01
 52 I_THM028.txt        
           4
 103  84   3.000E-02
 103  85   3.000E-01
 104  84   5.000E-02
 104  85   2.500E-01
 53 I_EPARK.txt         
           2
 104  83   3.400E-01
 105  83   2.000E-02
 54 I_SGRGE.txt         
           3
 103  83   2.000E-02
 104  83   4.800E-01
 104  84   2.400E-01
 55 I_BLKBT.txt         
           5
 103  84   1.800E-01
 103  85   3.000E-02
 104  84   7.500E-01
 104  85   4.000E-02
 105  84   1.000E-01
 56 I_CLRLK.txt         
           4
 103  82   5.400E-01
 103  83   3.900E-01
 104  82   3.700E-01
 104  83   2.000E-02
 57 I_INDVL.txt         
           3
 103  83   5.000E-02
 104  82   8.000E-02
 104  83   2.900E-01
 58 I_BRC003.txt        
           4
 104  82   7.000E-02
 104  83   1.500E-01
 105  82   1.200E-01
 105  83   3.000E-02
 59 I_CCH053.txt        
           3
 104  82   5.400E-01
 104  83   5.000E-02
 105  82   1.900E-01
 60 I_BRYSA.txt         
           5
 104  81   3.400E-01
 104  82   3.700E-01
 105  80   2.000E-02
 105  81   6.800E-01
 105  82   1.500E-01
